1
11
3
4
5
6
7
8
61
62
63
64
2
12
13
14
15
16
17
18
65
66
67
68
31
32
33
34
35
69
70
71
72
51
4001
4002
4009
4010
4011
4012
4003
4004
4013
4014
4015
4016
4017
4018
4019
4020
4021
4022
4023
4005
4006
4501
4502
4503
4504
4007
4008
4505
4506
4507
4508
4509
4510
4511
4512
4513
4514
4515
4516
5001
5002
5003
5004
5005
5006
5007
5008
5009
5010
5011
5012
5013
5014
5015
5016
5017
5018
5019
5020
6001
6002
6003
6004
6005
6006
6007
6008
6009
6010
7001
7002
7003
7004
7005
7006
7007
7008
7009
8001
8002
8003
8004
9001
9002
9003
9004
9005
9006
9007
10001
30301
30302
30303
30304
30305
30201
30202
30203
30204
30205
30401
30402
30403
30404
30405
30001
30002
30003
30101
30102
30103
25001
25002
25003
25004
25005
25006
25007
25008
25009
25010
25011
25012
25013
25014
20001
20501
21001
21002
21003
21004
21005
21006
21007
21008
21009
21010
21011
21012
21013
21014
21015
21016
21017
21501
21502
21504
21503
21505
21506
21507
21508
21509
21510
21511
21512
21513
21514
21515
21516
21517
22001
22002
22003
22004
22005
22006
22007
22008
22009
22010
22011
22012
22013
22501
22502
22503
22504
22505
22506
22507
22508
22509
22510
22511
22512
22513
23001
23005
23002
23004
23003
23006
23007
23008
23009
23013
23014
23015
23016
23017
23018
23501
23508
23502
23503
23504
23505
23506
23507
23509
23510
23511
23512
23513
23514
23515
23516
23517
23518
24001
24002
24003
24004
24005
24006
24007
24008
24009
24010
24011
24012
24013
24014
24501
24502
24503
24504
24505
24506
24507
24508
24509
24510
24511
24512
24513
24514
29001
29501
300011
300012
300013
300014
300015
300016
300017
300018
300021
300022
300023
300024
300025
300026
300031
300032
300033
300034
300035
300036
300037
300039
399997
399998
399999
400001
400002
400003
400004
400005
400006
400007
400008
400009
400010
400011
400012
400013
400014
500001
500002
500003
500004
500005
500006
500007
500008
502001
502002
502003
502004
502005
502006
502007
502008
502009
502010
502011
502012
502013
502014
502015
502016
502017
502018
504001
504002
504003
504004
504005
504006
504007
504501
504502
504503
504504
504505
504506
505001
505002
505003
505004
505005
506001
506002
506003
506004
506005
506008
506009
506010
506011
507001
507002
507003
507004
508001
508003
509001
509002
509003
509004
509005
509006
509007
509008
509009
525001
525002
525003
525004
525005
525006
525007
525008
525101
526001
527001
527002
528001
528002
520001
520002
520003
520004
520005
520006
520007
520008
520009
520010
520011
520012
520013
520014
520015
520016
520017
520018
520019
520020
520021
520022
520023
520024
520025
520026
520027
520028
520029
520030
520031
520032
520033
520034
520035
520036
520037
520038
520039
520040
520041
520042
520043
520044
520045
520046
520047
520048
520049
520050
520051
520052
520053
520054
520055
520056
520057
520058
520059
520060
520061
520062
520063
520064
520065
520066
520067
520068
520069
520070
520071
520072
520073
520074
520075
520076
520077
520078
520079
520080
520081
520082
520083
520084
520085
520086
520087
520088
520089
520090
520091
520092
520093
520094
520095
520096
520097
520098
520099
520100
520101
520102
520103
520104
520501
520502
520503
520504
520505
520506
520507
520508
520509
520510
520511
520512
520513
520514
520515
520516
520517
520518
520519
520520
520521
520522
520523
520524
520525
520526
520527
520528
520529
520530
520531
520532
520533
520534
520535
520536
520537
520538
520539
520540
520541
520542
520543
520544
520545
520546
520547
520548
520549
520550
520551
520552
520553
520554
520555
520556
520557
520558
520559
520560
520561
520562
520563
520564
520565
520566
520567
520568
520569
520570
520571
520572
520573
520574
520575
520576
520577
520578
520579
520580
520581
520582
520583
520584
520585
520586
520587
520588
520589
520590
520591
520592
520593
520594
520595
520596
520597
520598
520599
520600
520601
520602
520603
520604
521001
521002
521003
521004
521005
521006
521007
521008
521009
521010
521011
521012
521013
521014
521015
521016
521017
521018
521019
521020
521021
521022
521023
521024
521025
521026
521027
521028
521029
521030
521031
521032
521033
521034
521035
521036
521037
521038
521039
521040
521041
521042
521043
521044
521045
521046
521047
521048
521049
521050
521051
521052
521053
521054
521055
521056
521057
521058
521059
521060
521061
521062
521063
521064
521065
521066
521067
521068
521069
521070
521071
521072
521073
521074
521075
521076
521077
521078
521079
521501
521502
521503
521504
521505
521506
521507
521508
521509
521510
521511
521512
521513
521514
521515
521516
521517
521518
521519
521520
521521
521522
521523
521524
521525
521526
521527
521528
521529
521530
521531
521532
521533
521534
521535
521536
521537
521538
521539
521540
521541
521542
521543
521544
521545
521546
521547
521548
521549
521550
521551
521552
521553
521554
521555
521556
521557
521558
521559
521560
521561
521562
521563
521564
521565
521566
521567
521568
521569
521570
521571
521572
521573
521574
521575
521576
521577
521578
521579
522001
522002
522003
522004
522005
522006
522007
522008
522009
522010
522011
522012
522013
522014
522015
522016
522017
522018
522019
522020
522021
522022
522023
522024
522025
522026
522027
522028
522029
522030
522031
522032
522033
522034
522035
522036
522037
522038
522039
522040
522041
522042
522043
522044
522045
522046
522047
522048
522049
522050
522051
522052
522053
522054
522055
522056
522057
522058
522059
522060
522061
522062
522063
522064
522065
522066
522067
522068
522069
522070
522071
522501
522502
522503
522504
522505
522506
522507
522508
522509
522510
522511
522512
522513
522514
522515
522516
522517
522518
522519
522520
522521
522522
522523
522524
522525
522526
522527
522528
522529
522530
522531
522532
522533
522534
522535
522536
522537
522538
522539
522540
522541
522542
522543
522544
522545
522546
522547
522548
522549
522550
522551
522552
522553
522554
522555
522556
522557
522558
522559
522560
522561
522562
522563
522564
522565
522566
522567
522568
522569
522570
522571
523001
523002
523003
523004
523005
523006
523007
523008
523009
523010
523011
523012
523013
523014
523015
523016
523017
523018
523019
523020
523021
523022
523023
523024
523025
523026
523027
523028
523029
523030
523031
523032
523033
523034
523035
523036
523037
523038
523039
523040
523041
523042
523043
523044
523045
523046
523047
523048
523049
523050
523051
523052
523053
523054
523055
523056
523057
523058
523059
523060
523061
523062
523063
523064
523065
523066
523067
523068
523069
523070
523071
523072
523073
523501
523502
523503
523504
523505
523506
523507
523508
523509
523510
523511
523512
523513
523514
523515
523516
523517
523518
523519
523520
523521
523522
523523
523524
523525
523526
523527
523528
523529
523530
523531
523532
523533
523534
523535
523536
523537
523538
523539
523540
523541
523542
523543
523544
523545
523546
523547
523548
523549
523550
523551
523552
523553
523554
523555
523556
523557
523558
523559
523560
523561
523562
523563
523564
523565
523566
523567
523568
523569
523570
523571
523572
523573
524001
524002
524003
524004
524005
524006
524007
524008
524009
524010
524011
524012
524013
524014
524015
524016
524017
524018
524019
524020
524021
524022
524023
524024
524025
524026
524027
524028
524029
524030
524031
524032
524033
524034
524035
524036
524037
524038
524039
524040
524041
524042
524043
524044
524045
524046
524047
524048
524049
524050
524051
524052
524053
524054
524055
524056
524057
524058
524059
524060
524061
524062
524063
524064
524065
524066
524067
524068
524069
524070
524071
524072
524501
524502
524503
524504
524505
524506
524507
524508
524509
524510
524511
524512
524513
524514
524515
524516
524517
524518
524519
524520
524521
524522
524523
524524
524525
524526
524527
524528
524529
524530
524531
524532
524533
524534
524535
524536
524537
524538
524539
524540
524541
524542
524543
524544
524545
524546
524547
524548
524549
524550
524551
524552
524553
524554
524555
524556
524557
524558
524559
524560
524561
524562
524563
524564
524565
524566
524567
524568
524569
524570
524571
524572
530001
530002
530003
530004
530005
530006
530007
530008
530009
530010
530011
530012
530013
530014
530501
530502
530503
530504
530505
530506
530507
530508
530509
530510
530511
530512
530513
530514
600001
600002
600003
600004
600005
600006
600101
600102
600103
600104
600105
600106
600201
600202
600203
600204
600205
600206
600301
600302
600303
600304
600305
600306
400501
400502
400503
400504
400505
400506
400507
400508
400509
400510
400511
400512
400513
400514
400515
400516
400517
400518
400519
400520
400521
400522
400523
400524
400525
400526
400527
400528
400529
400530
400531
400532
400533
99124
99126
900414
900415
32006
32007
240759
208185
124958
415012
7017
98784
56555
2814
99107
9997
900004
99106
9985
9991
9950
9951
9953
9949
99999983
994
9999
99999984
99108
992
9958
9959
9961
9957
99909
999010
999011
934536677
999999920
9995
934596677
99999982
93325377
93422277
93800277
934536678
99127
99133
99156
99159
99163
99165
900158
54814566
900558
934596678
93333878
93135378
93153378
507013
507014
507015
501001
501002
501003
501004
501005
501006
501007
501008
501009
501010
501011
501012
999999910
999999911
999999912
999999913
999999914
999999915
999999916
999999917
999999918
999999919
999999942
999999943
999999944
999999945
999999946
99149
99150
99153
99151
99152
99999951
99999952
99999953
99999954
99999955
99999967
99999968
99999969
99999970
99999971
99999946
99999947
99999948
99999949
99999950
99999962
99999963
99999964
99999965
99999966
99999956
99999957
99999958
99999959
99999960
99999972
99999973
99999974
99999975
99999976
99185
99186
99187
99188
99189
99190
99191
99192
99193
99194
99911
99913
99914
99915
99916
99918
99919
99920
99921
99923
99924
99925
99931
99933
99934
99935
99936
99938
99939
99940
999199910
999299910
999399910
999699915
999799915
999899915
99139
99140
99143
99141
99142
99999961
99999977
900126
922126
10080
10088
99198
99157
99177
99178
99179
99180
99123
99132
99171
1001
1006
10082
10083
10084
9009403
900805
900706
900607
900508
900909
900810
900711
900612
900513
900403
900405
900406
900407
900408
900409
900410
900411
900412
900413
99181
99182
99183
90559431
9078051
9067061
9056071
9045081
9189431
1192051
2267061
3356071
4445081
5589091
6678101
7767111
8856121
1195131
99155211
99111911
9025151
9025153
9920151
9920431
9920541
9920651
9920881
9920991
9931001
9931211
9931321
9931431
9931541
9937111
9938111
9939111
9040111
99999989
99999918
99999992
99999988
99999990
99999991
99999986
99999987
900151
900153
99113
9926113
9928113
9930113
9923113
9924113
9925113
9929113
9932113
9933113
9934113
9927113
9937113
9938113
9955113
9055113
900166
900154
900152
99112
9954120
93377798
90666015
95993338
3415338
2423215
2422375
3412523
9343151
9454251
1235122
4552151
4552152
4552153
4552154
4552155
433251
433252
423252
434129
4612321
4612322
4612323
423123
124231212
12423121
12423122
12423123
12423124
12423125
4512322
423253
9251237
99999978
10068
900113
1004
99999981
99990
10072
99999979
99999980
99988
10078
10076
1005
10071
10075
99115
99116
99117
10074
900155
909155
905155
902155
9007155
9008155
90080115
90080215
90080315
90080415
90080515
90080615
90080715
90080815
90080915
90010815
90011815
90012815
90013815
90014815
9345679
9356679
9456679
9345609
93951309
9385609
9375609
93785609
93775609
9006155
9395609
900111
90330111
90320111
90310111
90300111
90290111
90280111
99982
900325
934536679
900157
903155
99114
99118
907155
906155
93575609
90255125
93951509
93951409
94555567
90104447
10043
10044
10045
10046
99119
986500
986506
900103
108946
108846
108746
10558746
999999993
99999999
999999994
999999991
999999995
999999992
9970
9971
901165
900165
9982
9981
9980
90133165
90044165
90155165
90066165
90771165
90088165
90199165
90010165
999923994
999933991
999922994
999932991
900416
900417
900418
900419
909416
908417
907418
906419
99985
99986
99987
900108
915985
91588985
91577985
901100
900100
998107
999107
9096896
9056496
9018786
96775786
90196786
93453666
48998063
48997835
48949739
48973439
48944279
999999998
999999997
999999996
99997
99998
900136
900137
9991097
9991197
9991297
999128
999121
99120
900135
99799128
99900121
99999128
900139
900117
45600013
45509203
45409103
45308803
20450122
20501333
99999994
99927
99999995
99929
99930
99999996
99958
99999997
99960
99999917
99136
99104
99105
900132
900133
999131
99954
900127
900128
900125
900129
1008
1007
985
986
987
988
996
997
998
999
99941
99942
99943
99944
99945
99991
99992
908155
904155
902115
99981
39451509
39481509
93685609
93665609
99983
99999993
99984
999120
99999998
900138
99999
900140
10743
10543
99380
99385
301905
343922
303921
343921
6123432
86555
86325
10055
10054
2014
2818
490522
490501
8006
508002
2047
506007
506006
24857
400046
400047
35344
43434
34342
34455
201
151515
2019
135478
135492
30953
520618
520619
520620
520621
520622
520623
520624
520625
520626
520627
520628
521602
521603
521604
521605
521606
520607
520608
520609
520610
520611
520612
521613
521614
521615
521616
521617
505536
505539
520648
520649
520650
520651
520652
520653
520654
520655
520656
520657
520658
520685
520681
520682
520683
520684
520686
520687
520689
520690
520691
520692
520693
520659
520660
520661
520662
12001
48783
2119
2528
10057
2114
4942601
4942602
4942603
4942604
4942605
4942606
4942607
4942608
4942609
4942610
4942611
4942612
4942613
4942614
4942615
4942616
4942617
4942618
4942619
4942620
4942621
4942622
4942623
4942624
4942625
4942626
4942627
4942628
4942629
4942630
4942631
4942632
4942633
4942634
4942635
4942636
4942637
4942638
4942639
4942640
4942641
4942642
4942643
4942644
4942645
9426001
9426002
9426003
9426004
9426005
9426006
9426007
9426008
9426009
9426010
94260011
94260012
94260013
94260014
94260015
94260016
94260017
94260018
94260019
94260020
94260021
94260022
94260023
94260024
94260025
94260026
94260027
94260028
94260029
94260030
94260031
94260032
94260033
94260034
94260035
94260036
94260037
94260038
94260039
94260040
94260041
94260042
94260043
94260044
94260045
94260046
94260047
94260048
94260049
94260050
94260051
94260052
94260053
94260054
94260055
94260056
94260057
94260058
94260059
94260060
94260061
94260062
94260063
94260064
94260065
94260066
94260067
94260068
94260069
94260070
94260071
94260072
94260073
94260074
94260075
94260076
94260077
94260078
94260079
94260080
94260081
94260082
94260083
94260084
94260085
94260086
94260087
94260088
94260089
94260090
94260091
94260092
94260093
94260094
94260095
94260096
94260097
94260098
94260099
942600100
942600101
942600102
942600103
942600104
942600105
942600106
942600107
942600108
942600109
942600110
942600111
942600112
942600113
942600114
942600115
942600116
942600117
942600118
942600119
942600120
942600121
942600122
942600123
942600124
942600125
942600126
942600127
942600128
942600129
942600130
942600131
942600132
942600133
942600134
942600135
942600136
942600137
942600138
942600139
942600140
942600141
942600142
942600143
942600144
942600145
942600146
942600147
942600148
942600149
942600150
942600151
942600152
942600153
942600154
942600155
942600156
942600157
942600158
942600159
942600160
942600161
942600162
942600163
942600164
942600165
942600166
942600167
942600168
942600169
942600170
942600171
942600172
942600173
942600174
942600175
942600176
942600177
942600178
942600179
942600180
942600181
942600182
942600183
942600184
942600185
942600186
942600187
942600188
942600189
942600191
942600192
942600193
942600194
942600195
942600196
942600197
942600198
942600199
942600201
942600202
942600203
942600204
942600205
942600206
942600207
942600208
942600209
942600210
942600211
942600212
942600213
942600214
942600215
942600216
942600217
942600218
942600219
942600220
942600221
942600222
942600223
942600224
942600225
942600226
942600227
942600228
942600229
942600230
942600231
942600232
942600233
942600234
942600236
942600237
942600238
942600239
942600240
942600241
942600242
942600243
942600244
942600245
942600246
942600247
942600248
942600249
942600250
942600251
942600252
942600253
942600254
942600255
942600259
942600260
942600261
942600262
942600263
942600265
942600266
942600267
942600268
942600269
942600270
942600271
942600272
942600273
942600274
942600275
942600276
942600277
942600278
942600279
942600280
942600281
942600282
942600283
942600284
942600285
942600286
942600287
942600288
942600289
942600290
942600291
942600292
942600293
942600294
942600295
942600296
942600297
942600298
942600304
942600305
942600306
942600307
942600308
942600309
942600310
942600311
942600312
942600313
942600314
942600315
942600316
942600317
942600318
942600342
942600343
942600350
942600351
942600352
942600353
942600354
942600361
942600368
942600384
942600385
942600386
942600387
942600388
942600389
942600390
942600391
942600392
942600393
942600394
942600395
942600396
942600397
942600398
942600399
942600400
942600401
942600402
942600405
942600406
942600409
942600410
942600411
942600412
942600413
942600414
942600415
942600416
942600417
942600418
942600419
942600420
942600421
942600422
942600423
942600424
942600425
942600426
942600427
942600428
942600429
942600430
942600431
942600432
942600433
942600434
942600435
942600436
942600437
942600438
942600439
942600440
942600441
942600442
942600443
942600444
942600445
942600446
942600447
942600448
942600449
942600450
942600451
942600452
942600453
942600454
942600455
942600456
942600457
942600458
942600459
942600470
942600460
942600461
942600465
999999933
999999935
999999936
999999939
999999949
999999950
999999951
999999952
999999953
40001
40002
40003
40101
40102
40103
40201
40202
40203
40301
40302
40303
40401
40402
40403
40404
40405
40501
40502
40503
40504
40505
40601
40602
40603
40604
40605
40701
40702
40703
800001
800101
800102
800103
800201
800202
800301
800302
800303
800401
800402
